0.000000000000000000e+00 5.704168680417297408e+06
5.000000000000000104e-03 -2.644463507609623484e+05
1.000000000000000021e-02 -1.522025731893210614e+05
1.499999999999999944e-02 -6.733347681215808552e+04
2.000000000000000042e-02 -6.500314018293219306e+03
2.500000000000000139e-02 3.363566280345328414e+04
2.999999999999999889e-02 5.653023180340407271e+04
3.500000000000000333e-02 6.552836225980995368e+04
4.000000000000000083e-02 6.382789489443565981e+04
4.499999999999999833e-02 5.437758000131022709e+04
5.000000000000000278e-02 3.978118218026527757e+04
5.500000000000000028e-02 2.226225522391785125e+04
5.999999999999999778e-02 3.639410738333320751e+03
6.500000000000000222e-02 -1.465973330433571027e+04
7.000000000000000666e-02 -3.155916940518873889e+04
7.499999999999999722e-02 -4.628382624656921689e+04
8.000000000000000167e-02 -5.830278865571775532e+04
8.500000000000000611e-02 -6.727896841013742960e+04
8.999999999999999667e-02 -7.303111856713006273e+04
9.500000000000000111e-02 -7.551032670016240445e+04
1.000000000000000056e-01 -7.478947235320911568e+04
1.049999999999999961e-01 -7.105990533722595137e+04
1.100000000000000006e-01 -6.462874756713599345e+04
1.150000000000000050e-01 -5.591063815181133396e+04
1.199999999999999956e-01 -4.540971384754612518e+04
1.250000000000000000e-01 -3.369115695904214954e+04
1.300000000000000044e-01 -2.134522194864971243e+04
1.350000000000000089e-01 -8.949002112147620210e+03
1.400000000000000133e-01 2.968189854702758112e+03
1.449999999999999900e-01 1.395091115707263816e+04
1.499999999999999944e-01 2.363219791471074495e+04
1.549999999999999989e-01 3.173671939108358492e+04
1.600000000000000033e-01 3.807544743437497527e+04
1.650000000000000078e-01 4.253608917416621262e+04
1.700000000000000122e-01 4.507370030544078327e+04
1.750000000000000167e-01 4.570444092358188936e+04
1.799999999999999933e-01 4.450308054961571179e+04
1.849999999999999978e-01 4.160294556991275022e+04
1.900000000000000022e-01 3.719568834675518883e+04
1.950000000000000067e-01 3.152811036725789018e+04
2.000000000000000111e-01 2.489451476705525420e+04
2.050000000000000155e-01 1.762439343067755181e+04
2.099999999999999922e-01 1.006653134679778304e+04
2.149999999999999967e-01 2.571388600957182007e+03
2.200000000000000011e-01 -4.526327214412141075e+03
2.250000000000000056e-01 -1.092337744430276143e+04
2.300000000000000100e-01 -1.636167670270742747e+04
2.350000000000000144e-01 -2.063950020230193331e+04
2.399999999999999911e-01 -2.362044590733004588e+04
2.449999999999999956e-01 -2.524163111201872016e+04
2.500000000000000000e-01 -2.551691339217976929e+04
2.550000000000000044e-01 -2.453810633483333731e+04
2.600000000000000089e-01 -2.247294116691060844e+04
2.650000000000000133e-01 -1.954400069472931864e+04
2.700000000000000178e-01 -1.602339486472679528e+04
2.750000000000000222e-01 -1.220110926941092657e+04
2.800000000000000266e-01 -8.329891241976340098e+03
2.850000000000000311e-01 -4.684024701825528609e+03
2.899999999999999800e-01 -1.396754207843473296e+03
2.949999999999999845e-01 1.484073148789813786e+03
2.999999999999999889e-01 3.984680298778566339e+03
3.049999999999999933e-01 6.190220265117068266e+03
3.099999999999999978e-01 8.178876335842407570e+03
3.150000000000000022e-01 1.000321058252285911e+04
3.200000000000000067e-01 1.167130038655941826e+04
3.250000000000000111e-01 1.308303516822314123e+04
3.300000000000000155e-01 1.418059580462411213e+04
3.350000000000000200e-01 1.487622318320984050e+04
3.400000000000000244e-01 1.509666897079695445e+04
3.450000000000000289e-01 1.480493259516346552e+04
3.500000000000000333e-01 1.399770955143379251e+04
3.549999999999999822e-01 1.271917844733806487e+04
3.599999999999999867e-01 1.105589347528982580e+04
3.649999999999999911e-01 9.128660635494286907e+03
3.699999999999999956e-01 7.082019377335708668e+03
3.750000000000000000e-01 5.069045125890776944e+03
3.800000000000000044e-01 3.236465224130747629e+03
3.850000000000000089e-01 1.711287284044320359e+03
3.900000000000000133e-01 5.892318153694337752e+02
3.950000000000000178e-01 -7.359077507920360972e+01
4.000000000000000222e-01 -2.651413907432239512e+02
4.050000000000000266e-01 -1.792127609695316792e+01
4.100000000000000311e-01 5.955056091616829690e+02
4.150000000000000355e-01 1.472149218204247063e+03
4.199999999999999845e-01 2.492231185455348168e+03
4.249999999999999889e-01 3.535621373549025066e+03
4.299999999999999933e-01 4.497155244225406022e+03
4.349999999999999978e-01 5.297619169294945095e+03
4.400000000000000022e-01 5.889231867159113790e+03
4.450000000000000067e-01 6.254679370133590055e+03
4.500000000000000111e-01 6.401951036248132368e+03
4.550000000000000155e-01 6.357929757097076617e+03
4.600000000000000200e-01 6.161321153478465021e+03
4.650000000000000244e-01 5.856066337940028461e+03
4.700000000000000289e-01 5.485899065895200692e+03
4.750000000000000333e-01 5.089475864051069038e+03
4.799999999999999822e-01 4.697378912428800504e+03
4.849999999999999867e-01 4.331294709181984217e+03
4.899999999999999911e-01 4.005161492240844836e+03
4.949999999999999956e-01 3.728173808493767410e+03
5.000000000000000000e-01 3.507772830492669527e+03
5.050000000000000044e-01 3.351108351813077206e+03
5.100000000000000089e-01 3.265505597410592600e+03
5.150000000000000133e-01 3.257761989707970315e+03
5.200000000000000178e-01 3.333335392547484844e+03
5.250000000000000222e-01 3.496110597467470143e+03
5.300000000000000266e-01 3.748359851560356219e+03
5.350000000000000311e-01 4.090502751468628048e+03
5.400000000000000355e-01 4.520323090587000479e+03
5.450000000000000400e-01 5.031271271521643939e+03
5.500000000000000444e-01 5.610547437791207813e+03
5.550000000000000488e-01 6.237690256503477940e+03
5.600000000000000533e-01 6.884111196123096306e+03
5.650000000000000577e-01 7.513765545090556770e+03
5.700000000000000622e-01 8.084879322097571276e+03
5.750000000000000666e-01 8.552783815032054918e+03
5.799999999999999600e-01 8.873932505921909978e+03
5.849999999999999645e-01 9.010734302621440293e+03
5.899999999999999689e-01 8.936765108814672203e+03
5.949999999999999734e-01 8.641916542503835444e+03
5.999999999999999778e-01 8.136084961819095042e+03
6.049999999999999822e-01 7.450131301280464868e+03
6.099999999999999867e-01 6.633190676349117894e+03
6.149999999999999911e-01 5.746825433096337292e+03
6.199999999999999956e-01 4.856628656604234493e+03
6.250000000000000000e-01 4.023012248557250132e+03
6.300000000000000044e-01 3.293606717672626019e+03
6.350000000000000089e-01 2.698811846261027313e+03
6.400000000000000133e-01 2.251230324225536606e+03
6.450000000000000178e-01 1.948826896794964341e+03
6.500000000000000222e-01 1.780063474631842155e+03
6.550000000000000266e-01 1.729677318563504059e+03
6.600000000000000311e-01 1.782878933947888981e+03
6.650000000000000355e-01 1.927607206217006024e+03
6.700000000000000400e-01 2.154725737042152105e+03
6.750000000000000444e-01 2.456614672549465013e+03
6.800000000000000488e-01 2.825065825917279653e+03
6.850000000000000533e-01 3.249425940233030360e+03
6.900000000000000577e-01 3.715482012389246847e+03
6.950000000000000622e-01 4.205671226267182647e+03
7.000000000000000666e-01 4.699990025606284689e+03
7.049999999999999600e-01 5.177358029473843089e+03
7.099999999999999645e-01 5.617062726857147936e+03
7.149999999999999689e-01 5.999558952082969881e+03
7.199999999999999734e-01 6.306980053154842608e+03
7.249999999999999778e-01 6.523255399178064181e+03
7.299999999999999822e-01 6.634709467466775095e+03
7.349999999999999867e-01 6.631357431483914297e+03
7.399999999999999911e-01 6.508656662577363022e+03
7.449999999999999956e-01 6.269107297565794397e+03
7.500000000000000000e-01 5.923495875381613587e+03
7.550000000000000044e-01 5.490477931905990772e+03
7.600000000000000089e-01 4.995071695785945849e+03
7.650000000000000133e-01 4.465794826994352661e+03
7.700000000000000178e-01 3.931323252110233625e+03
7.750000000000000222e-01 3.417388917407216013e+03
7.800000000000000266e-01 2.944822817200358713e+03
7.850000000000000311e-01 2.528956942737245299e+03
7.900000000000000355e-01 2.180840884389501298e+03
7.950000000000000400e-01 1.909089304078514942e+03
8.000000000000000444e-01 1.721715474863782447e+03
8.050000000000000488e-01 1.626847571283929483e+03
8.100000000000000533e-01 1.631733327066038328e+03
8.150000000000000577e-01 1.740361910630533885e+03
8.200000000000000622e-01 1.950544974421778988e+03
8.250000000000000666e-01 2.251572626327110811e+03
8.300000000000000711e-01 2.623729987078872455e+03
8.349999999999999645e-01 3.039675068313316388e+03
8.399999999999999689e-01 3.467559072002722132e+03
8.449999999999999734e-01 3.874854421655224542e+03
8.499999999999999778e-01 4.231954816854542514e+03
8.549999999999999822e-01 4.515032661869500771e+03
8.599999999999999867e-01 4.707586581718234811e+03
8.649999999999999911e-01 4.800707271830548052e+03
8.699999999999999956e-01 4.792653384232727149e+03
8.750000000000000000e-01 4.687661334551352411e+03
8.800000000000000044e-01 4.495001612347804439e+03
8.850000000000000089e-01 4.228194998392074012e+03
8.900000000000000133e-01 3.904715112068603048e+03
8.950000000000000178e-01 3.545849042526422636e+03
9.000000000000000222e-01 3.176483465046013407e+03
9.050000000000000266e-01 2.823838834193418279e+03
9.100000000000000311e-01 2.515502969510777348e+03
9.150000000000000355e-01 2.276174008414055606e+03
9.200000000000000400e-01 2.124302707471976646e+03
9.250000000000000444e-01 2.069225961477195142e+03
9.300000000000000488e-01 2.109862655532180725e+03
9.350000000000000533e-01 2.234921489969895447e+03
9.400000000000000577e-01 2.425269312918168907e+03
9.450000000000000622e-01 2.657405464248384305e+03
9.500000000000000666e-01 2.907710777333226815e+03
9.550000000000000711e-01 3.156216403053219892e+03
9.599999999999999645e-01 3.388939834487050121e+03
9.649999999999999689e-01 3.598484107229795882e+03
9.699999999999999734e-01 3.783022727874842985e+03
9.749999999999999778e-01 3.943771697111986668e+03
9.799999999999999822e-01 4.082477895578536391e+03
9.849999999999999867e-01 4.199419363117109242e+03
9.899999999999999911e-01 4.292614394957547120e+03
9.949999999999999956e-01 4.358122455430002447e+03
1.000000000000000000e+00 4.391228202881588913e+03
1.005000000000000115e+00 4.387586515354005314e+03
1.010000000000000009e+00 4.344099992173562896e+03
1.015000000000000124e+00 4.259328564084028585e+03
1.020000000000000018e+00 4.133349626491096387e+03
1.024999999999999911e+00 3.967289615975713332e+03
1.030000000000000027e+00 3.763357597144429292e+03
1.034999999999999920e+00 3.524796516749418515e+03
1.040000000000000036e+00 3.256863440010196882e+03
1.044999999999999929e+00 2.967715410427209463e+03
1.050000000000000044e+00 2.669319144852807767e+03
1.054999999999999938e+00 2.377847700226115194e+03
1.060000000000000053e+00 2.112827400202315857e+03
1.064999999999999947e+00 1.895069130628488210e+03
1.070000000000000062e+00 1.743851992752103570e+03
1.074999999999999956e+00 1.673366170505954869e+03
1.080000000000000071e+00 1.690246193505123983e+03
1.084999999999999964e+00 1.792193990525617664e+03
1.090000000000000080e+00 1.968343056130393734e+03
1.094999999999999973e+00 2.201324755224981800e+03
1.100000000000000089e+00 2.470216383104608212e+03
1.104999999999999982e+00 2.753705475810957978e+03
1.110000000000000098e+00 3.032647721703053776e+03
1.114999999999999991e+00 3.291578355878315961e+03
1.120000000000000107e+00 3.519189090058194324e+03
1.125000000000000000e+00 3.707657180364672513e+03
1.130000000000000115e+00 3.851625955744484600e+03
1.135000000000000009e+00 3.947400444993403653e+03
1.140000000000000124e+00 3.992540524106365865e+03
1.145000000000000018e+00 3.986509430807655008e+03
1.150000000000000133e+00 3.931552251105475534e+03
1.155000000000000027e+00 3.833677141407294130e+03
1.159999999999999920e+00 3.702901214188975246e+03
1.165000000000000036e+00 3.552343069064206247e+03
1.169999999999999929e+00 3.396365460043372877e+03
1.175000000000000044e+00 3.248061821157942177e+03
1.179999999999999938e+00 3.117010468195079739e+03
1.185000000000000053e+00 3.007976082637514082e+03
1.189999999999999947e+00 2.920561313505102589e+03
1.195000000000000062e+00 2.850569483030243646e+03
1.199999999999999956e+00 2.792258394293538913e+03
1.205000000000000071e+00 2.741111418197539024e+03
1.209999999999999964e+00 2.696216475529084619e+03
1.215000000000000080e+00 2.661425577823717049e+03
1.219999999999999973e+00 2.645116028377452039e+03
1.225000000000000089e+00 2.657997741935871090e+03
1.229999999999999982e+00 2.709806797440717219e+03
1.235000000000000098e+00 2.805941372200610203e+03
1.239999999999999991e+00 2.945008413884059792e+03
1.245000000000000107e+00 3.118055787685186715e+03
1.250000000000000000e+00 3.309706981528657707e+03
1.255000000000000115e+00 3.500678490197933115e+03
1.260000000000000009e+00 3.671175169567140074e+03
1.265000000000000124e+00 3.804266485664469656e+03
1.270000000000000018e+00 3.888413598839211772e+03
1.275000000000000133e+00 3.918782800063108425e+03
1.280000000000000027e+00 3.897493940314237534e+03
1.284999999999999920e+00 3.832365145227665835e+03
1.290000000000000036e+00 3.734917285001173695e+03
1.294999999999999929e+00 3.618077920892926613e+03
1.300000000000000044e+00 3.494166439997408816e+03
1.304999999999999938e+00 3.373407771139150555e+03
1.310000000000000053e+00 3.263080807860301775e+03
1.314999999999999947e+00 3.167405385229577860e+03
1.320000000000000062e+00 3.087892912166610131e+03
1.324999999999999956e+00 3.023975727454222579e+03
1.330000000000000071e+00 2.973711830032667422e+03
1.334999999999999964e+00 2.934598627239941379e+03
1.340000000000000080e+00 2.904465921026076558e+03
1.344999999999999973e+00 2.882043712940233945e+03
1.350000000000000089e+00 2.867318813331082310e+03
1.354999999999999982e+00 2.861631816040534432e+03
1.360000000000000098e+00 2.867511409442988224e+03
1.364999999999999991e+00 2.888575627831647125e+03
1.370000000000000107e+00 2.929038371381192974e+03
1.375000000000000000e+00 2.992952211671824898e+03
1.380000000000000115e+00 3.083463289980222271e+03
1.385000000000000009e+00 3.201867547375476533e+03
1.390000000000000124e+00 3.346592686406072517e+03
1.395000000000000018e+00 3.512568321432067933e+03
1.400000000000000133e+00 3.691109152328694108e+03
1.405000000000000027e+00 3.870666299706933842e+03
1.409999999999999920e+00 4.037954590204294618e+03
1.415000000000000036e+00 4.179505164939460883e+03
1.419999999999999929e+00 4.283548894405553256e+03
1.425000000000000044e+00 4.341840082080836510e+03
1.429999999999999938e+00 4.351008320305857524e+03
1.435000000000000053e+00 4.313088421071804078e+03
1.439999999999999947e+00 4.234964192371372519e+03
1.445000000000000062e+00 4.126840150266287310e+03
1.449999999999999956e+00 4.000328884224369631e+03
1.455000000000000071e+00 3.866560185456420641e+03
1.459999999999999964e+00 3.734866290674278389e+03
1.465000000000000080e+00 3.612260321274970465e+03
1.469999999999999973e+00 3.503708443125064605e+03
1.475000000000000089e+00 3.412862178128228152e+03
1.479999999999999982e+00 3.342493150846063600e+03
1.485000000000000098e+00 3.294771512071991310e+03
1.489999999999999991e+00 3.271379945178439812e+03
1.495000000000000107e+00 3.273016919529549796e+03
1.500000000000000000e+00 3.298809847459311186e+03
1.505000000000000115e+00 3.345735869895094311e+03
1.510000000000000009e+00 3.408583165989934969e+03
1.515000000000000124e+00 3.480413461762715087e+03
1.520000000000000018e+00 3.553466385230032756e+03
1.525000000000000133e+00 3.620522911644031865e+03
1.530000000000000027e+00 3.676314007847391167e+03
1.535000000000000142e+00 3.718418056792590505e+03
1.540000000000000036e+00 3.747603695351957867e+03
1.544999999999999929e+00 3.767149303357199642e+03
1.550000000000000044e+00 3.781631361514253058e+03
1.554999999999999938e+00 3.795444290345432364e+03
1.560000000000000053e+00 3.811625912892356610e+03
1.564999999999999947e+00 3.831149990585077830e+03
1.570000000000000062e+00 3.853135794946118494e+03
1.574999999999999956e+00 3.875474136017162891e+03
1.580000000000000071e+00 3.895995878018386975e+03
1.584999999999999964e+00 3.913304555827140121e+03
1.590000000000000080e+00 3.927344984585564816e+03
1.594999999999999973e+00 3.939321037965576124e+03
1.600000000000000089e+00 3.951090107374427589e+03
1.604999999999999982e+00 3.964219588054461383e+03
1.610000000000000098e+00 3.979274489393304520e+03
1.614999999999999991e+00 3.995593039807220521e+03
1.620000000000000107e+00 4.011484382456353615e+03
1.625000000000000000e+00 4.025131079431653234e+03
1.630000000000000115e+00 4.035501217852125137e+03
1.635000000000000009e+00 4.043089826017576343e+03
1.640000000000000124e+00 4.050082020804085460e+03
1.645000000000000018e+00 4.059703619271411753e+03
1.650000000000000133e+00 4.075374506339464915e+03
1.655000000000000027e+00 4.099803479223107388e+03
1.660000000000000142e+00 4.134107299181065173e+03
1.665000000000000036e+00 4.177511315729656417e+03
1.669999999999999929e+00 4.227451556615324080e+03
1.675000000000000044e+00 4.280194538686852866e+03
1.679999999999999938e+00 4.331734456805164882e+03
1.685000000000000053e+00 4.378292895545221654e+03
1.689999999999999947e+00 4.417114107007278108e+03
1.695000000000000062e+00 4.446833727827332041e+03
1.699999999999999956e+00 4.467530060743320973e+03
1.705000000000000071e+00 4.480297754601045199e+03
1.709999999999999964e+00 4.486620938484004000e+03
1.715000000000000080e+00 4.487795138171291001e+03
1.719999999999999973e+00 4.484614813099383355e+03
1.725000000000000089e+00 4.477006679548631837e+03
1.729999999999999982e+00 4.464356049919394536e+03
1.735000000000000098e+00 4.446011920370802727e+03
1.739999999999999991e+00 4.421880249403141534e+03
1.745000000000000107e+00 4.392973820578299637e+03
1.750000000000000000e+00 4.361356997557377326e+03
1.755000000000000115e+00 4.330223011614687493e+03
1.760000000000000009e+00 4.303397029710115930e+03
1.765000000000000124e+00 4.284485548191926682e+03
1.770000000000000018e+00 4.276293237223510914e+03
1.775000000000000133e+00 4.280431378440245680e+03
1.780000000000000027e+00 4.297337331170570906e+03
1.785000000000000142e+00 4.326712685166839037e+03
1.790000000000000036e+00 4.367675873699458862e+03
1.794999999999999929e+00 4.419346035128081894e+03
1.800000000000000044e+00 4.480972422551871205e+03
1.804999999999999938e+00 4.551716161918462603e+03
1.810000000000000053e+00 4.630633034945093641e+03
1.814999999999999947e+00 4.716419570866669346e+03
1.820000000000000062e+00 4.807238660631146558e+03
1.824999999999999956e+00 4.900861445467746307e+03
1.830000000000000071e+00 4.994624816148329955e+03
1.834999999999999964e+00 5.085700267366218213e+03
1.840000000000000080e+00 5.171368682933912169e+03
1.844999999999999973e+00 5.249230431840889651e+03
1.850000000000000089e+00 5.317428388724085380e+03
1.854999999999999982e+00 5.374546387243557547e+03
1.860000000000000098e+00 5.419236322153490619e+03
1.864999999999999991e+00 5.449820048625928393e+03
1.870000000000000107e+00 5.463904301739388757e+03
1.875000000000000000e+00 5.458610069529589964e+03
1.880000000000000115e+00 5.430974425221583260e+03
1.885000000000000009e+00 5.378930731802330229e+03
1.890000000000000124e+00 5.302320707665327973e+03
1.895000000000000018e+00 5.203906884730951788e+03
1.900000000000000133e+00 5.089668370097814659e+03
1.905000000000000027e+00 4.968424594667693782e+03
1.910000000000000142e+00 4.850723071685162722e+03
1.915000000000000036e+00 4.747467614040601802e+03
1.919999999999999929e+00 4.668067954419973830e+03
1.925000000000000044e+00 4.619023233973050083e+03
1.929999999999999938e+00 4.603052975113176217e+03
1.935000000000000053e+00 4.619289221450969308e+03
1.939999999999999947e+00 4.663840007217194398e+03
1.945000000000000062e+00 4.731006828925311311e+03
1.949999999999999956e+00 4.814440776025379819e+03
1.955000000000000071e+00 4.908043582105186033e+03
1.959999999999999964e+00 5.006378682828676574e+03
1.965000000000000080e+00 5.104598711632780578e+03
1.969999999999999973e+00 5.198042070267062627e+03
1.975000000000000089e+00 5.281930414878725060e+03
1.979999999999999982e+00 5.351089398054195954e+03
1.985000000000000098e+00 5.399994073341335024e+03
1.989999999999999991e+00 5.423329964079381170e+03
1.995000000000000107e+00 5.415782593607569652e+03
